0
1890
1985
2073
2160
2253
2385
2440
2543
2612
3337
3456
3560
3602
3695
3780
3870
3968
4075
4784
4863
4950
5040
5130
5220
5310
5400
5490
6210
6300
6390
6480
6570
6660
6750
6840
6930
7650
7745
7862
7923
8055
8113
8199
8287
8376
9143
9183
9297
9374
9450
9544
9646
9732
9823


0
1950
2045
2133
2220
2313
2445
2500
2603
2672
3397
3516
3620
3662
3755
3840
3930
4028
4135
4844
4923
5010
5100
5190
5280
5370
5460
5550
6270
6360
6450
6540
6630
6720
6810
6900
6990
7710
7805
7922
7983
8115
8173
8259
8347
8436
9203
9243
9357
9434
9510
9604
9706
9792
9883
